1000
1 742 992 235 818 634172777 
2 254 940 189 935 
2 245 772 532 795 
1 620 975 414 693 -352902231 
1 162 519 422 788 290533953 
2 111 838 312 699 
1 523 851 665 963 -82490338 
2 477 929 415 679 
2 541 903 473 961 
1 564 836 525 868 -490702113 
1 433 697 9 974 326057931 
1 619 999 572 931 398847566 
1 79 724 259 842 -981204441 
1 512 969 501 822 469152710 
2 200 516 531 909 
2 32 403 719 988 
1 396 776 615 920 -16065750 
2 26 638 635 995 
2 424 830 33 516 
1 750 1000 206 660 -772544817 
2 21 541 631 928 
2 228 619 242 612 
2 173 534 380 909 
1 9 723 506 945 -914631034 
1 656 965 395 790 -315344177 
2 704 995 130 873 
2 743 1000 16 782 
1 470 738 449 866 290325259 
2 124 534 520 813 
1 286 757 731 987 556664115 
1 184 606 131 405 -122130162 
1 263 996 459 965 -455896059 
2 478 894 554 982 
1 720 997 378 825 -998502861 
1 186 651 411 834 412187793 
1 698 951 155 922 -831865099 
1 428 693 426 786 615667235 
2 157 631 53 465 
2 452 859 142 552 
1 129 408 563 943 210057962 
1 315 733 483 875 393551902 
2 730 996 381 662 
2 205 863 86 714 
1 380 988 448 829 -10058372 
1 542 807 583 941 -779422172 
2 46 974 609 989 
2 725 999 221 993 
2 101 767 611 884 
2 670 932 660 971 
1 425 713 503 941 532331469 
1 166 563 42 744 -555581431 
1 23 554 92 973 449524753 
2 138 848 561 869 
1 139 552 505 804 -346249423 
2 3 878 508 900 
2 225 935 242 779 
2 89 493 408 750 
2 241 535 129 423 
2 326 913 460 957 
1 330 978 258 771 668932276 
1 702 976 303 578 -177834524 
1 147 522 286 971 -574305685 
1 291 887 693 956 -951325901 
2 550 807 267 552 
1 74 987 192 844 -540981526 
2 683 967 275 793 
2 225 841 95 976 
2 546 885 527 967 
2 209 540 73 478 
1 360 682 413 774 -672467748 
2 175 831 152 444 
2 8 339 392 817 
2 74 773 96 537 
1 168 606 29 304 -559697370 
1 684 938 228 851 678953289 
1 740 994 215 470 -771527236 
2 356 658 441 941 
2 138 878 121 635 
1 520 942 165 826 -805020733 
1 611 861 78 879 892042254 
2 737 998 644 983 
1 104 831 606 990 426119043 
1 335 788 304 696 958848200 
2 639 983 291 826 
2 382 637 584 860 
2 677 937 265 837 
2 727 990 55 660 
1 107 956 550 820 276058085 
2 83 845 296 932 
1 518 834 471 850 663781510 
2 617 925 351 843 
2 620 908 677 998 
2 493 811 429 934 
2 638 972 408 731 
2 324 855 493 809 
2 116 923 690 968 
1 626 893 649 971 429203946 
1 516 872 653 960 -676331671 
1 71 685 149 966 -483023681 
2 570 858 375 679 
2 138 633 216 643 
1 208 600 373 863 293065910 
2 515 991 190 783 
2 61 609 125 761 
2 57 846 30 732 
2 90 501 474 787 
1 97 938 102 608 281392648 
2 165 977 250 702 
2 688 956 101 645 
2 461 838 407 962 
2 572 917 16 653 
1 521 854 3 702 628395371 
1 192 462 714 1000 529306385 
1 476 855 112 425 -565231683 
1 287 678 310 767 -829108748 
1 497 979 509 791 -30554628 
1 648 963 413 746 204146423 
2 294 775 359 741 
2 451 849 615 941 
1 289 663 240 586 -484214760 
1 223 694 543 853 197859292 
1 681 937 615 903 -833485929 
1 747 996 594 919 299276026 
1 356 647 662 996 802159328 
2 2 463 219 867 
2 212 776 460 781 
2 322 951 307 976 
2 87 665 233 952 
1 283 665 333 988 -44907207 
2 487 876 51 886 
1 149 657 580 864 -914861796 
1 420 787 741 996 -449234580 
1 751 1000 53 342 943443118 
2 419 931 358 831 
2 367 953 306 930 
1 136 838 568 892 -636793698 
1 673 987 263 539 -370067394 
2 76 345 198 472 
1 107 917 494 929 -534208551 
2 186 774 258 833 
1 154 827 100 525 -17875891 
1 560 860 712 972 -872126457 
1 141 971 476 916 430268436 
2 726 981 8 874 
1 613 999 516 801 576753025 
1 418 963 518 918 622797568 
2 440 833 280 950 
2 491 973 74 435 
2 539 824 453 857 
1 359 622 481 834 -983238404 
1 167 494 112 685 209610662 
2 493 914 132 506 
2 159 434 139 652 
1 702 983 215 904 983986108 
2 286 733 44 862 
1 579 970 256 506 278309305 
1 392 724 168 540 -743066539 
2 674 979 614 988 
1 173 541 702 953 -932620492 
1 583 868 476 813 514747799 
2 173 520 99 914 
1 649 929 104 656 484278179 
1 624 896 6 774 -309569420 
2 143 761 367 671 
2 578 992 181 499 
1 532 861 671 949 -326509402 
2 396 765 735 999 
2 85 447 539 901 
2 330 980 282 823 
1 612 861 285 715 -104476344 
1 214 634 176 597 524133938 
2 80 639 108 687 
1 380 882 131 401 951096141 
2 493 859 342 631 
1 275 601 525 893 -122301256 
1 319 605 546 997 -844449869 
1 743 999 722 988 -349086053 
2 574 980 186 742 
2 69 374 171 855 
1 396 1000 39 906 -237446010 
2 31 665 152 467 
2 672 957 139 621 
1 24 948 542 917 -410002761 
1 354 760 274 835 -604539709 
1 464 713 719 979 347303452 
1 174 536 284 903 518464025 
1 650 908 304 682 650990136 
2 403 873 151 794 
1 586 880 677 948 992882177 
2 312 773 684 987 
1 607 883 144 746 451952237 
2 459 913 167 468 
1 408 957 116 505 -330398183 
2 168 806 61 503 
1 738 988 154 872 796125144 
2 503 954 589 955 
2 47 438 708 997 
2 275 754 327 886 
2 231 922 29 819 
1 40 604 580 860 -538752468 
1 459 828 158 764 623092530 
1 100 913 672 937 879110844 
1 666 920 456 932 -890021596 
2 415 697 510 814 
1 267 654 471 830 -110014304 
1 339 698 178 702 -451733304 
1 518 828 379 719 -673466018 
1 159 960 316 774 -609950200 
2 357 633 653 902 
1 516 880 608 858 573007301 
1 141 629 527 825 -813046185 
1 693 968 260 960 305597643 
2 396 801 247 560 
2 361 801 136 689 
2 129 945 746 997 
1 614 866 2 487 215366909 
2 733 983 239 858 
1 568 900 599 881 376344465 
2 268 933 467 778 
1 272 571 549 925 -867226710 
1 467 876 620 916 -683079890 
1 251 517 410 981 147723289 
1 370 980 431 857 -250568638 
2 223 672 274 664 
2 357 666 164 944 
2 613 957 437 955 
1 489 810 143 490 -66286239 
2 660 914 664 944 
2 363 994 168 781 
1 294 960 639 915 -681430124 
2 452 729 20 520 
2 91 807 1 665 
1 278 751 388 737 -756395 
1 592 844 618 884 365215593 
1 691 995 656 1000 675722356 
1 123 590 594 879 728322707 
1 37 431 487 770 -967225582 
1 136 404 10 853 -813399305 
1 374 712 14 880 -716102648 
1 242 630 495 918 -83965193 
2 90 381 380 644 
2 447 912 64 364 
2 78 894 420 808 
1 241 897 505 888 803909468 
1 363 653 476 764 226121395 
2 716 975 645 996 
2 703 997 520 832 
1 207 545 171 660 863072818 
2 371 823 589 950 
2 260 832 640 981 
1 114 890 712 965 -557594059 
1 44 971 357 998 52089632 
1 39 622 294 696 -234025985 
1 589 873 580 868 83702269 
2 137 705 546 849 
2 649 906 459 844 
1 748 999 225 957 -407176548 
2 363 659 515 921 
2 240 936 651 958 
2 506 781 388 818 
1 70 957 114 428 356412973 
2 580 880 413 824 
1 454 722 20 893 848127117 
1 395 701 614 948 238158996 
2 303 779 380 636 
1 59 370 626 967 -740560782 
2 673 950 484 910 
2 188 933 243 639 
1 604 961 714 1000 -454861652 
2 496 997 232 873 
2 281 788 50 362 
1 621 950 430 850 815093298 
1 617 934 651 911 -758275732 
1 333 797 346 662 456851606 
2 576 936 596 935 
2 70 660 318 619 
1 741 992 284 665 455928675 
1 355 798 117 881 -817020823 
1 75 987 613 896 373161512 
2 610 993 27 477 
2 332 803 640 929 
2 66 395 523 901 
2 333 990 178 927 
2 556 935 165 539 
2 418 756 208 783 
2 538 851 308 674 
1 603 937 734 983 -406014447 
2 707 997 130 717 
1 738 999 547 839 -190839706 
2 109 815 319 683 
2 500 868 125 557 
2 550 824 153 496 
1 140 743 621 943 424540097 
1 128 508 293 881 -958201940 
1 248 970 177 983 -261121042 
1 388 910 231 796 -921164793 
2 303 830 18 744 
2 461 810 261 707 
2 613 1000 297 633 
2 709 962 738 992 
2 422 743 72 400 
2 746 999 445 774 
1 420 726 189 983 383154143 
1 621 987 568 856 -440396348 
1 83 563 591 966 -837685056 
1 186 714 129 633 -302431339 
2 289 559 548 956 
2 49 438 638 938 
1 434 825 122 974 650300598 
1 78 943 723 987 419390624 
2 238 889 435 785 
1 544 914 319 783 -399671477 
1 168 886 567 934 695836576 
1 86 630 77 576 578330109 
2 559 986 172 982 
1 556 854 464 796 691743883 
1 682 982 683 972 931024706 
1 690 993 44 499 699249950 
2 436 755 72 914 
1 188 901 92 955 347793522 
1 592 880 261 889 384103802 
1 162 887 425 695 -652982304 
1 589 982 649 901 997843998 
2 256 703 343 906 
2 345 713 353 856 
2 541 967 441 999 
1 253 515 290 754 -467036794 
2 12 608 638 999 
1 297 751 547 974 -421202913 
2 11 719 261 516 
1 427 885 274 926 -271113974 
1 694 950 624 921 -796797511 
1 382 988 482 864 361909343 
1 415 914 535 859 314755200 
2 500 789 646 995 
2 110 652 294 928 
2 584 849 83 778 
1 42 417 733 989 823148828 
1 639 953 659 930 206558968 
2 612 876 36 833 
2 378 839 619 974 
2 189 957 621 970 
1 263 896 204 557 659130172 
1 487 873 695 958 857796171 
1 389 980 603 929 245958792 
1 517 893 286 778 -561289847 
1 316 666 404 716 -851760661 
1 191 830 648 932 567068658 
2 432 728 181 740 
2 615 890 106 822 
2 264 727 632 901 
1 477 898 741 992 -415486201 
2 165 770 297 812 
1 31 614 46 799 960316367 
1 45 844 124 827 94981376 
2 176 832 397 656 
2 279 744 723 1000 
1 660 943 65 592 150562765 
1 246 884 337 705 75974961 
2 560 898 565 888 
1 698 978 298 753 355665760 
2 192 647 369 808 
1 437 740 229 832 789639840 
1 613 955 676 998 -992484374 
2 281 835 54 408 
1 376 800 119 969 723963344 
2 534 789 591 919 
1 5 588 669 993 681414026 
2 230 701 519 854 
2 647 898 191 842 
1 271 994 31 728 709802546 
1 540 898 244 641 -596867089 
1 116 769 745 996 693824980 
2 58 695 470 899 
2 434 955 414 741 
1 182 840 699 996 474158316 
1 515 838 654 917 572309224 
2 230 648 698 973 
1 646 955 347 980 -691673230 
2 19 899 308 861 
1 663 957 240 756 310523465 
2 747 997 429 777 
2 504 848 718 977 
1 289 625 497 750 850402413 
2 737 1000 62 486 
1 325 607 162 845 -223555043 
2 448 897 707 961 
1 216 673 558 907 835999119 
1 332 932 660 974 -654599709 
2 539 935 405 885 
2 647 954 496 847 
2 309 561 399 758 
2 658 968 107 625 
1 261 779 90 882 714178362 
1 299 717 70 325 -395570412 
1 48 520 291 978 -216495192 
1 728 999 5 930 369032799 
2 688 993 452 912 
2 156 592 517 928 
2 295 640 166 555 
2 176 610 410 887 
1 216 499 440 979 41760952 
1 746 997 280 903 945038517 
2 39 339 216 816 
1 146 438 498 809 617958130 
2 307 947 446 845 
1 448 718 695 946 926860198 
1 107 578 663 973 902838971 
1 326 1000 532 912 -153867723 
1 108 658 281 774 912021530 
2 535 992 284 842 
1 571 933 704 958 973436786 
1 90 506 122 492 -594924350 
1 536 966 134 843 310108118 
2 550 903 501 752 
2 49 439 92 988 
2 398 790 354 739 
1 56 524 372 678 -937719815 
1 58 528 158 890 -377676544 
2 538 800 390 887 
2 579 954 44 365 
2 297 907 436 887 
1 177 706 711 964 624530300 
1 206 970 544 797 582394295 
1 716 979 515 902 764951562 
2 364 986 343 689 
2 134 626 156 655 
2 150 862 74 837 
1 737 987 242 582 705927665 
2 279 860 558 824 
2 29 960 484 907 
2 721 984 123 898 
1 184 966 677 976 270816390 
2 402 912 664 921 
2 587 915 705 978 
1 532 985 394 800 -67267049 
2 215 891 430 960 
1 690 981 119 925 553884126 
2 447 965 464 993 
1 244 743 335 596 731833528 
2 506 829 29 593 
1 694 987 466 930 29556026 
1 293 542 585 926 -253357146 
1 269 975 498 808 -257760117 
1 700 953 368 678 195824442 
2 317 794 716 986 
1 269 703 656 986 -364620981 
2 153 561 28 926 
2 645 954 474 822 
1 407 737 604 879 113145374 
2 561 925 744 993 
2 404 941 474 971 
1 478 970 157 938 634186025 
2 266 775 661 959 
1 701 970 110 603 -584796551 
1 443 834 17 508 -802603050 
1 228 566 55 528 -566979707 
2 743 998 18 459 
1 381 799 677 982 -570785953 
1 219 978 512 796 812894737 
2 445 787 442 986 
1 750 1000 434 708 120382107 
2 150 469 502 871 
1 675 993 197 878 147389934 
2 591 933 666 930 
2 175 435 149 418 
1 281 947 247 834 -361678217 
1 180 469 364 907 653165792 
1 469 982 228 633 -354857726 
2 446 784 644 946 
1 509 784 146 779 -120813388 
1 655 969 276 584 -180295519 
2 479 912 394 848 
2 42 406 687 981 
1 95 886 535 826 99231106 
2 332 964 152 987 
2 597 999 506 813 
2 127 433 695 974 
1 22 629 271 792 734246057 
2 419 744 42 421 
2 269 846 367 644 
1 290 673 617 932 -980871813 
1 292 619 372 771 796584493 
1 704 981 476 904 544755420 
2 71 865 472 890 
1 514 910 220 772 467171145 
2 350 758 409 744 
1 63 342 316 632 -938190209 
2 751 1000 310 683 
2 654 954 499 969 
2 520 940 466 856 
1 421 960 547 987 749317868 
1 616 996 564 916 612708916 
2 624 893 45 595 
2 219 865 326 797 
2 32 466 388 814 
1 468 947 500 803 356697503 
1 570 980 503 837 66988171 
2 637 914 733 983 
1 609 930 498 805 -430055400 
1 125 797 423 974 -429384663 
2 152 886 365 883 
1 433 791 31 754 -946473378 
1 9 697 273 922 476102911 
1 160 957 174 657 -737569960 
2 656 961 247 658 
2 706 975 693 943 
2 36 400 624 957 
1 85 634 493 942 761326697 
2 660 999 252 629 
1 730 987 303 656 765930517 
1 16 774 395 990 992621833 
2 733 997 61 820 
2 570 945 617 928 
1 445 925 64 745 811034104 
1 269 723 230 708 -753565940 
1 534 963 212 839 -564394529 
2 586 981 278 901 
1 449 912 296 566 -872570746 
1 595 997 684 979 364223123 
2 315 738 574 922 
1 240 718 99 770 489345038 
2 280 977 30 903 
2 713 967 432 753 
2 598 852 702 991 
2 435 734 612 921 
1 404 917 359 666 300612017 
1 450 914 329 675 947864063 
1 683 942 24 569 576476284 
1 624 909 164 557 511500450 
1 691 952 76 772 82688089 
2 705 973 518 921 
2 649 961 649 913 
1 365 620 601 896 -413883850 
2 187 559 234 986 
2 240 607 342 895 
1 221 487 236 863 509105549 
1 684 957 1 668 -539525127 
1 121 943 280 634 -779884270 
1 14 264 678 980 433443975 
1 334 698 49 319 110469810 
2 89 810 230 819 
2 709 999 253 672 
1 244 672 64 816 -29661843 
1 258 890 202 484 586532138 
2 719 974 256 678 
2 529 901 472 900 
2 702 976 560 963 
2 623 896 53 1000 
2 748 997 224 921 
1 737 994 675 961 821905948 
2 35 764 420 882 
2 140 722 536 890 
2 252 868 168 644 
2 161 608 367 813 
1 62 721 211 740 27404177 
1 244 910 434 856 -871615950 
2 93 787 302 737 
2 443 969 54 830 
1 578 987 309 862 -347312765 
2 298 633 214 704 
2 340 595 751 1000 
2 538 959 185 585 
1 454 722 183 479 329963889 
2 62 429 257 903 
1 61 614 212 951 -880254573 
2 323 866 308 665 
1 101 420 663 953 193289471 
1 138 529 491 759 232283753 
1 380 674 376 638 772192160 
2 7 319 264 667 
1 516 767 720 973 456201817 
1 654 915 438 884 -812381479 
2 531 972 669 991 
2 519 832 379 688 
1 686 936 191 717 -615833174 
2 18 829 88 521 
1 355 797 44 406 -240247369 
2 191 715 374 856 
2 357 920 212 799 
2 319 800 558 953 
1 468 750 528 920 -437496404 
1 430 894 621 990 654114095 
2 231 500 210 829 
1 414 693 442 950 399663916 
1 181 564 153 424 -747527916 
2 728 997 383 679 
1 27 971 365 740 964869822 
2 478 950 255 739 
2 99 788 170 984 
1 682 994 311 714 -270332625 
2 549 911 684 987 
2 472 785 375 920 
1 672 934 557 970 288038551 
1 317 713 13 283 -936346122 
1 243 508 683 933 634853295 
1 738 994 379 938 -819928505 
1 736 990 658 964 -711225986 
2 127 719 443 794 
2 149 537 406 749 
2 686 994 54 893 
1 669 980 400 919 632078848 
2 653 963 220 539 
2 218 945 210 763 
2 107 903 711 993 
2 261 628 32 563 
2 158 560 591 963 
1 127 681 158 887 204064150 
2 94 381 72 739 
2 576 963 689 977 
2 234 687 216 484 
1 67 731 591 990 -566404364 
1 483 778 88 354 793128280 
1 648 944 453 783 -406377779 
1 223 889 333 849 193828331 
1 503 877 474 825 637639560 
2 641 929 378 637 
1 240 559 38 682 379665504 
1 96 448 354 966 962695010 
2 560 946 113 547 
2 715 964 307 853 
2 362 983 106 440 
1 491 750 11 897 -457855752 
2 674 953 243 928 
2 351 939 136 720 
2 359 774 382 658 
2 164 914 615 970 
1 275 895 347 899 118001716 
1 73 802 311 809 -659925522 
1 586 842 171 677 -290725019 
1 681 934 671 922 -153052947 
1 233 803 599 866 138321947 
1 380 793 414 744 -109562824 
1 613 910 30 846 -676173840 
1 8 373 137 932 621194027 
2 141 993 177 951 
1 319 783 557 887 194845254 
2 119 468 264 626 
2 746 996 55 422 
2 559 847 236 919 
1 685 988 447 910 84269841 
2 134 646 335 691 
1 73 782 23 689 -804733 
1 467 969 8 434 887460853 
1 492 986 466 895 394889296 
1 237 895 438 733 -349227245 
2 41 402 365 774 
2 464 840 315 862 
1 298 624 94 880 449903751 
1 86 629 683 959 569936490 
1 584 915 675 936 755297297 
1 503 947 216 597 863685634 
2 293 697 275 975 
2 612 976 496 993 
2 430 910 519 925 
1 127 973 536 837 219698991 
1 367 772 708 963 -750608522 
1 549 952 729 987 -305616048 
1 622 881 132 775 292933485 
1 58 475 724 985 89260925 
2 7 758 226 684 
1 190 926 350 997 -777559585 
1 504 761 225 603 -341094499 
1 340 944 635 945 258766982 
2 23 597 186 924 
1 106 972 317 906 991921541 
2 487 765 447 756 
1 374 806 308 836 648340009 
2 119 617 69 802 
2 169 489 168 704 
2 665 925 386 730 
2 68 803 524 918 
2 522 891 539 1000 
1 358 849 671 937 881654671 
1 655 922 401 650 712738498 
1 723 974 643 969 278694108 
2 426 935 397 950 
1 333 901 614 869 -441818608 
1 118 947 407 803 188662766 
2 300 943 604 937 
2 626 1000 54 935 
1 573 902 412 899 -998207315 
1 386 740 431 757 246117951 
2 419 911 207 618 
1 548 832 700 997 -93061210 
1 558 975 253 803 -990573163 
1 363 716 484 852 -508108948 
1 336 920 402 800 338688608 
1 625 996 49 940 -848936346 
2 298 628 475 818 
1 498 988 456 858 658583025 
1 618 895 20 773 -114321311 
1 690 957 640 909 -521423468 
2 588 868 372 649 
1 182 830 651 918 802352516 
2 65 860 493 947 
1 667 993 568 879 -76617469 
2 299 650 669 946 
2 429 783 36 734 
2 389 797 539 826 
2 95 663 94 753 
2 267 927 297 994 
2 161 960 446 969 
2 169 490 191 475 
1 356 789 73 788 705388432 
2 485 786 563 917 
2 671 941 640 896 
1 154 711 38 752 389976331 
1 322 640 255 605 359877132 
1 462 817 417 751 -612170743 
1 146 918 327 754 -210502643 
1 728 980 400 762 -209630860 
1 139 628 743 996 451458410 
2 201 809 513 931 
2 570 828 161 967 
2 486 873 171 994 
2 493 977 594 977 
1 530 900 320 971 -577214263 
2 113 577 116 606 
1 22 868 429 956 271238415 
2 132 638 292 621 
2 47 806 350 944 
2 501 961 475 760 
1 242 844 627 885 55946663 
1 43 401 349 937 258205765 
1 659 974 211 835 501062940 
1 336 658 143 827 -975807440 
2 405 726 554 931 
2 611 895 432 712 
2 141 484 686 965 
1 557 832 321 848 -442671890 
1 197 859 337 672 -705853419 
2 538 897 748 997 
1 507 953 519 828 -257045522 
1 517 794 746 998 -826144524 
1 613 937 260 940 677547537 
2 213 926 665 1000 
1 159 523 227 954 -401632471 
1 234 765 271 897 -105000021 
2 750 999 212 707 
1 562 1000 228 549 490795426 
1 639 892 162 751 -384835289 
2 137 935 521 798 
2 243 562 166 696 
1 680 930 295 708 -284900372 
2 351 985 110 813 
2 12 747 86 512 
2 677 939 102 702 
2 468 907 553 806 
1 690 939 740 995 -794374508 
1 468 991 335 707 -744848784 
2 654 929 555 910 
1 115 903 217 573 -683414339 
1 338 712 491 879 516849190 
2 589 883 132 567 
2 76 620 442 999 
1 240 976 403 687 471453340 
2 251 582 268 737 
1 638 973 360 659 13953917 
2 420 852 656 967 
2 350 856 34 917 
2 680 988 346 758 
1 369 706 285 584 167461314 
1 648 912 95 422 -773048686 
2 628 942 532 944 
1 504 845 267 731 -334982711 
1 171 946 396 685 -713789007 
2 612 981 93 401 
2 440 812 70 877 
1 586 909 534 995 -543814482 
1 72 870 502 764 957652480 
2 366 758 622 999 
2 337 890 14 474 
2 86 658 444 734 
2 117 710 509 789 
2 57 404 697 963 
1 688 964 149 536 -658090102 
1 679 958 91 412 945687508 
1 475 763 505 793 -716900023 
1 564 920 475 954 -37361194 
1 215 880 363 885 496122673 
1 262 899 382 734 436555377 
1 365 931 146 406 -25231775 
2 44 756 363 746 
1 163 433 17 793 -369133064 
1 443 852 578 994 946836109 
2 693 950 368 869 
2 490 938 158 462 
1 703 982 172 956 177345535 
2 705 987 425 709 
1 138 448 356 888 -83675138 
2 656 914 450 771 
1 380 680 649 952 -816578076 
2 390 822 191 859 
2 375 905 313 608 
1 578 879 144 572 -942802704 
2 553 895 649 922 
1 169 664 326 723 -647397755 
1 678 929 579 840 144240822 
2 36 470 558 823 
1 748 998 373 843 181405715 
2 593 937 616 996 
2 732 981 400 651 
2 373 711 255 887 
2 396 859 446 698 
2 312 652 490 769 
2 45 662 300 868 
2 719 979 610 872 
2 710 998 295 700 
2 10 555 719 999 
2 64 444 198 688 
1 16 657 515 941 823061461 
1 159 671 170 712 835286539 
2 186 619 602 917 
1 310 657 270 534 792566753 
1 506 858 607 905 -297225702 
1 232 772 359 688 -94013672 
2 226 508 267 811 
2 387 959 103 939 
1 45 863 317 950 -677092015 
2 543 854 751 1000 
2 229 538 550 890 
2 345 749 414 809 
1 387 830 431 893 645886115 
2 429 888 608 869 
1 236 935 597 850 -851380642 
1 122 718 563 963 930443527 
1 613 987 515 991 -258611095 
1 298 715 653 982 782132191 
2 637 968 620 894 
2 438 861 683 999 
2 45 774 722 986 
2 457 723 660 910 
1 184 519 620 887 -442710512 
1 66 772 503 833 224237445 
2 589 908 587 861 
2 519 864 136 430 
1 26 923 397 971 -210965202 
1 723 995 528 799 305337159 
1 644 906 396 714 833776132 
1 547 965 108 701 69345968 
1 676 928 710 965 307156701 
2 13 864 141 873 
1 238 941 652 970 -769619647 
2 558 835 648 922 
1 76 788 62 638 -200944304 
1 86 635 746 998 139658593 
2 213 724 163 930 
2 142 564 183 812 
1 263 636 572 931 -559285612 
2 44 424 347 863 
1 672 993 157 683 -101591599 
2 369 810 358 679 
1 312 838 548 937 898616231 
2 183 760 386 744 
1 742 991 295 639 403038211 
1 351 999 18 931 -909063372 
2 167 733 18 503 
1 623 954 67 643 -239065492 
2 639 991 693 966 
2 375 998 589 885 
1 306 892 561 997 258659319 
1 42 443 183 467 -25932478 
1 93 562 135 542 346489482 
2 467 750 117 547 
1 699 987 653 920 911056068 
1 118 708 605 884 -943597760 
2 697 952 95 608 
1 613 954 317 859 -368757280 
1 452 871 142 677 473826203 
1 499 874 158 704 -435697285 
2 398 762 720 977 
1 430 844 271 784 968819586 
2 460 845 350 955 
2 598 922 313 813 
1 188 833 438 961 -604225841 
1 2 984 440 978 32698110 
1 247 960 358 764 657878241 
1 373 1000 706 967 678306995 
2 413 792 78 760 
1 366 727 662 930 -109214562 
2 41 604 486 999 
1 544 943 584 992 -240339030 
2 658 912 453 846 
2 254 534 74 774 
1 102 997 642 982 933896816 
2 309 790 136 503 
2 130 521 551 861 
2 449 782 39 940 
1 648 999 204 953 -336241758 
1 118 436 59 319 340733489 
1 434 830 248 945 -813909632 
1 673 977 316 664 108383684 
1 485 928 153 851 121706022 
1 154 563 600 903 798925956 
2 360 921 164 939 
2 170 920 494 860 
2 208 635 518 780 
2 74 924 359 885 
1 722 993 612 996 -455524574 
2 562 893 78 971 
1 175 885 353 827 -559638197 
2 389 749 27 332 
1 301 770 246 654 -677418765 
1 279 841 618 953 -191593413 
1 155 426 86 754 822731056 
2 490 758 367 725 
2 279 793 277 870 
1 475 940 581 920 180067708 
2 292 829 357 771 
2 245 924 672 978 
1 739 993 375 762 -875475336 
2 689 992 192 622 
1 581 919 191 809 389907362 
1 503 801 595 979 293619086 
1 88 617 432 788 626939867 
2 93 696 269 655 
1 160 911 263 700 -140530087 
2 576 962 324 996 
2 73 840 53 521 
1 183 779 551 937 -274688524 
1 115 992 297 832 641830590 
1 699 952 646 974 212742832 
2 488 931 388 906 
1 79 546 568 945 -605042500 
1 245 533 11 292 731621820 
1 507 867 215 804 -424011404 
1 608 994 299 653 -15717179 
2 222 726 370 723 
1 278 653 439 793 461176852 
1 415 846 204 701 -774516938 
2 106 918 109 858 
2 96 743 633 893 
2 99 489 266 745 
1 460 891 53 341 174095714 
1 508 793 476 728 15557547 
1 235 532 570 913 -718478976 
1 199 788 738 999 869935790 
1 62 989 243 619 215570986 
1 662 931 106 390 -150724549 
1 743 997 751 1000 438638260 
2 723 975 518 926 
1 255 645 191 870 9842468 
1 631 993 583 834 464022349 
1 635 903 697 977 666576966 
2 434 972 505 846 
1 271 671 315 648 -347144896 
2 484 876 582 960 
1 596 954 158 841 -127076450 
2 178 949 525 965 
2 212 936 74 641 
1 325 624 488 794 -317127960 
1 617 980 388 638 -512292600 
1 509 889 19 642 378633901 
1 163 517 240 855 456147954 
2 549 857 367 683 
1 5 350 105 766 120100143 
1 13 935 172 985 863843820 
2 434 763 34 747 
2 394 701 587 880 
1 698 972 251 903 -491003780 
2 374 661 402 947 
2 74 482 656 992 
1 258 710 560 921 -834436031 
2 262 802 604 923 
1 142 759 712 1000 -596548479 
2 337 962 157 878 
2 70 461 648 989 
2 426 838 614 932 
1 552 948 600 891 -605342183 
1 94 825 24 735 183338066 
2 472 915 2 813 
2 686 977 504 941 
2 180 460 133 775 
1 490 826 387 799 186209543 
2 160 420 69 535 
2 462 754 35 965 
1 75 515 456 846 -395418583 
1 167 842 557 859 363021127 
2 534 811 426 792 
2 17 347 555 855 
1 108 426 47 523 -164538199 
1 275 759 683 977 -920511014 
2 241 840 141 874 
1 92 605 60 506 176371813 
1 501 951 303 891 -533592065 
1 224 816 346 914 884010431 
1 515 903 740 997 -713162247 
1 238 682 32 483 175251543 
2 111 927 574 989 
1 370 998 124 406 383426885 
2 314 737 486 981 
1 411 930 441 809 -459924995 
2 110 563 555 927 
1 268 934 724 978 128571944 
2 486 887 423 813 
1 401 988 632 927 617045193 
2 177 709 621 994 
2 397 932 200 958 
1 17 870 118 701 -761879498 
